plain_novec: 3.48432e+08
plain_vec: 3.83142e+08
